1933.39 1194.81
2004.24 1228.62
1982.66 1180.8
1952.29 1246.63

1932.53 1196.07
2004.15 1229.41
1982.22 1181.14
1951.96 1246.75

1933.72 1198.25
2001.51 1227.3
1979.39 1180.56
1952 1244.43

1933.92 1197.79
2001.61 1227.07
1980.27 1180.39
1952.5 1245.19

1931.7 1191.16
2003.69 1223.07
1981.51 1174.41
1951.39 1241.73

1931.29 1192.07
2003.49 1223.53
1981.94 1174.05
1952.18 1241.8

1932.13 1190.8
2003.89 1222.61
1981.94 1174.05
1951.95 1241.7

1931.49 1191.62
2003.59 1223.3
1981.15 1173.98
1951.27 1241.4